1.7385502767900536e-100
6.3290217214321060e-140
3.4341889369140020e-75
3.8505676607654631e-221
8.9114569912863585e+307
1.8028804273383408e+177
-6.4724661584157377e-280
5.4758341187322635e+150
5.0469236072305292e+214
1.8823840450533769e+228
-2.7573540027461752e+255
1.6811914630377013e+06
-5.8429764182030427e-295
6.7222654341692148e-49
-1.3383931215145449e-14
2.1945330519399576e-10
1.3614417599271547e+292
1.0490376476448549e-287
-3.7330173635581938e+217
-3.6399917010878406e+94
8.9277507907225808e-247
-9.4963880732481582e+227
-2.3396855485547298e-204
9.9483236609000002e-34
6.4657656388025430e-95
5.0532340125373202e+145
6.9950637791252099e+228
6.5382566155294918e+96
-6.6047562606061054e-218
2.0701935095862695e+161
-6.9356071038682739e+37
-4.8928252102312691e-167
-9.4633815893390249e+40
1.5553880677769316e+162
-2.3886934579752558e+179
-2.0741545921575961e-240
-6.4414183042017566e+168
1.1885231723071502e-40
2.2858895648206697e+302
-9.3768170070265501e+143
1.8834515870098482e-107
4.1241622029974389e-255
-2.4651293189667743e-115
-2.1569324592348452e+202
1.4683739634118639e+297
-4.4165275853385509e-168
-2.3882441327029904e-31
-2.5751297860721113e-79
1.5523978511407816e-108
-6.4843385020206497e+178
-1.1091197377275481e-154
-3.3210849452113264e+291
-2.1044421921114932e-02
-1.8721158388378680e-117
-2.2391527010252998e+144
5.4395441457220075e+250
4.3191028983166517e+05
-6.7609521543841081e+122
-1.3006128256714696e+282
2.5387395743312395e+68
-7.7765132852195648e+64
1.8463982819690402e-75
-6.9445170226411254e+192
-1.5619723485246870e-107
2.6927701945984583e+98
-7.1485922711240739e+250
3.6927827455708111e-244
-3.7888397555298372e-33
-2.4084897573105496e+104
-4.3399798358354760e+161
6.1125427750005751e-122
-1.9527380331701988e-130
3.3277512394943864e-141
-9.3184836359061867e+279
4.2559040736144229e+191
-3.9344882686250755e+67
5.6688839114049902e+12
-5.9294815982572147e+215
-1.0035855893082682e+97
1.2817680899736425e-16
1.3684350183733667e-03
2.2657616665454852e-296
-3.2582517030684180e+83
-2.0371683977128824e+237
2.0740385351424680e+111
-4.4612417425692030e+54
4.8597531544089276e+31
3.1937533573889369e-249
-6.9714258430244486e+165
-3.9026258104823652e+183
-3.4033387958083893e-250
1.5344583094377947e-118
1.7995831329319819e-261
-1.8839780117701439e+127
-5.6789701035811657e-173
-3.8490238048914387e+159
-6.6889130372600049e+177
-8.5048060314608764e-64
2.5983661304616589e-105
-7.7172918003892256e-32
7.4569906246199563e+109
-1.3891627260954026e+303
-8.4716157947290587e+295
-8.2481670022778961e+283
-7.5111021839533751e-180
2.2975713927193856e-33
6.4146226900250755e-183
8.4947848958365808e+241
-8.1878887432263515e+195
1.6243140334581296e+106
1.9355180369416999e-169
1.5325093197642471e-171
5.1363277048950867e-196
2.7537173703842491e-272
4.2122563931130156e-226
1.4257753369772838e+54
-2.5180684605380783e-262
5.0973579759712801e-21
7.7220479656816290e-210
-1.0557932120315739e-134
2.4958649137586824e-12
9.8888344631422795e-173
-2.2732395998204040e+54
1.6062695523610595e+27
7.5228739474632542e+239
-9.3991903155596839e+25
-8.9860589848610846e-286
-2.5686147990647571e-172
-1.8862904265104226e-167
-3.5026294833250832e-262
-4.3768871005228104e+47
-3.4665696072578043e+210
-6.4786940394592320e-133
-9.0331176839381869e-11
8.3376612547685429e-227
-2.8386548011579179e+191
-4.1916348955080590e+167
2.4606568714668097e+115
-2.8734217460822973e+252
1.5383409609093376e+107
-1.3277848688905375e+300
-9.4427375932235309e+239
7.4756001787602757e-124
-2.6923841525773216e+277
-3.2108402851252096e+16
5.7285853148007767e+32
3.0988791611515802e-93
2.9475868632377249e+35
4.7818894680983257e-232
-1.7609340319701473e-11
2.9331850925651777e+24
-1.3536115465824834e+200
-3.4516092711940469e+238
-5.4486460865151122e-105
-1.1141009378731769e+77
3.4929414500191370e+111
2.3083706342838767e-242
4.9838362733251986e-180
-1.2965166635375453e-245
1.6725613971974588e+116
1.3301517905784141e+14
2.7177246503228011e-139
9.7831386375962768e+20
5.8553513062336973e+122
1.4220954996701170e-257
-2.3646990649218477e+233
7.9944686204165457e-240
-2.4484912342773291e+05
-4.0116261666979348e-47
-6.3440257075585861e+278
-3.5026514555948666e-296
1.0336366500768258e-193
1.0663694973593737e+293
-3.4650428951796754e-122
-7.1757380585267048e+231
3.0895353861074098e-242
-2.5943704884473853e-133
5.3308260519453314e+89
-7.2356105758440464e-36
-9.8807353643569656e+255
3.7746587783004750e-06
-8.4128609055696415e+307
-4.7479829349627646e-226
2.1406496206912838e-253
1.5575534526324093e-302
-1.6779005795276867e-77
7.9131292884823767e-175
-7.2036146505174794e-158
-1.8816493038234375e-292
2.1443801418405833e+114
1.5423143739695845e-16
2.6539125744840211e-240
7.3285282709538928e+196
3.9895892273275463e-15
-2.5919098048932908e-113
6.9419709527072357e+224
-3.3779029814583483e-29
3.5652548356747417e+228
-1.6785088917415817e+184
5.5344287763119366e-74
-9.2241984635222482e-106
2.1033450144768801e-161
2.8575790108708341e+64
-1.7530729510311129e-208
-1.0721658194345057e-147
1.1693169139831497e+112
4.0935491489926688e+13
2.3564139835152487e-149
-5.1639156124543941e+202
-3.4868770572633163e+301
2.8024514105668194e-192
1.1836226710291819e-292
3.4932594672290417e+98
3.2342510610540927e-147
1.7021789341179344e+296
-2.0485939690300073e-293
1.8810782680738205e+94
1.8898466387862722e+274
3.7715530589330709e+89
2.2184528126399371e-101
-1.5283965618215021e+61
-5.4476969666038246e+212
-8.2270625981394939e+46
-6.4261704291110219e+23
1.2660427383884025e+141
1.2575320463903456e-224
-1.9737501116417511e+154
-5.5959611145268421e-93
-6.8440833665816083e+77
-2.3653367437626237e-54
-4.4267637179805638e-64
-8.4547397037807349e-84
3.3864852964159356e+189
-7.4884494164438110e-203
-2.3309222574095415e-265
-1.0479748210312245e+15
6.0619287350025595e-152
-2.4681457241068199e-191
9.3375697524955018e-39
-1.9360401320548792e-305
2.7206122263295292e+242
5.6100304860128769e-213
8.9487289340581004e+147
-1.4264997571280890e-204
4.1347466546562128e-24
-3.5702893247696954e+17
9.9200642333971515e+253
7.5328550177458787e-81
-8.0306967765451843e+142
-1.1765510956682566e+114
-3.0297702496937881e+252
-2.6368996966654848e+186
-1.8059436791573133e-07
3.4177786276515050e-43
4.8496401939200652e+95
-2.4105231542594580e+285
1.1903083847737348e-265
-1.4990049901999405e+53
1.8750886792798529e-298
-5.5034198991980452e-251
3.2018431089859894e-255
4.5845552171001307e-256
5.6275856533098932e-201
3.1119224744111250e-78
-4.7385836706188730e-151
5.4048297667022388e+125
2.3962136293236965e-41
-4.7745305922640543e+214
-1.5914079601100809e-250
-1.0670157631126762e+108
-1.0576133973932293e-38
-1.4760748167233070e-147
2.5519512137779882e-142
1.3586151874698454e-247
-4.5002304285729987e-42
-3.6529146451611569e+48
6.2618164184947240e-298
3.2281994125560482e+113
-4.5279856848248204e+61
-1.0487773972619069e-110
-3.8416254311392983e+289
-1.4835151135786286e+178
-3.0281454589416733e+218
-1.8715463881267822e-151
-1.9751689766755784e+104
-2.1937558921011893e+124
2.2955742558267933e-161
-4.5615247373881472e+157
-5.1663251810739927e+204
-4.0488892067420307e-31
-3.7127086005837418e-127
1.4002695992361690e+184
-2.2576280506956583e+118
3.1774876178202159e-143
-2.3748341750987291e-191
-3.7278339861282409e-258
-5.9058323125715304e-64
-6.3295861339783127e-289
1.9545925761431403e+292
3.0024328914605389e+218
-3.6288278804431504e+264
1.1198294742300955e+258
-3.6522130419892340e+218
4.2411606975312668e-267
-8.1902347895075849e+268
-7.1828261336958100e+105
4.5581887196420496e-31
-5.3136826760518175e-258
-8.6256155308791739e-142
-7.1424961209567066e-19
1.7513221577629256e+289
3.2750068056966199e-187
-1.8504584848312171e-222
8.7141586553791472e-07
9.9632380677438405e+01
3.1984348364816667e+243
-5.9488409172665899e-245
-2.0476936769079597e+115
5.2347687683098318e+168
1.0024309729952007e-107
-2.5781066812195450e-90
2.9192165879019019e-159
5.2223000598824354e-287
-2.0870790278457913e+162
2.4715254752901203e-83
5.3317477701795251e+122
2.9222657589727204e+287
4.7769610758749643e-262
-1.1619558894412222e+34
-1.6138052174984270e-106
1.0613312125609192e+176
6.6842296625165015e+34
6.8950071488698228e+186
4.2837963198551749e-233
9.9036365501095521e-14
4.0711146380721990e-50
3.2400546991223469e+63
4.5607858727694154e-43
4.4747945254999613e+50
1.3194053099524847e-146
1.1178469565200072e+136
-2.8155196043250349e+273
7.0968051258778972e+139
-2.3288392083720922e+24
-1.2017990566332249e+34
-3.4006169599252233e-260
-5.3454847533882553e+66
5.5702829637770373e-247
-1.6889186475355768e-271
-5.4246434692744610e+292
6.8015725530696342e-33
-5.4938690814092497e+67
-4.5392277143010292e+301
1.8707181837824531e-115
-2.2977596146436423e-224
1.5817724272217311e-263
1.3279047297303006e+265
-2.9406786893116441e+295
-7.8739502263368711e-228
-2.1572596005284873e+214
2.1014862203321081e+139
-5.3245654150494531e-235
-2.0922284241564215e+180
2.5764421087767405e-116
-1.6905217858561195e-84
5.5049132729015035e+149
5.7962512085038450e-51
-2.9855299885700079e-146
-1.0265366219396732e+18
6.7492378290177155e-247
-6.2661704667555052e+226
-1.5659295665882586e-08
1.8461827095137332e-116
-1.6587260818691344e-05
1.1851692735232003e+87
1.9451485850047736e+195
-1.9831381867705865e+276
7.2254850722594226e+19
7.4325655584714151e-124
-1.8687625317622558e+15
-1.9985293318528292e+168
-6.4003757254892868e-106
-3.0808219727543748e-208
4.4953313283352479e-148
-7.2421108350427419e+189
7.4611205002820497e-28
-2.0457022514256815e+72
-4.5914756269483256e+235
2.4819236784063066e+152
-7.3788331794558695e-65
-1.9942067854119883e-262
8.6441080101004876e-67
7.0656018083571348e-120
-1.3726631794080991e+11
1.1571320035079513e+247
-5.6176851744658590e-284
-1.1881396309354514e+61
-6.7048645372693421e-39
-5.9020498686400146e-28
3.1082173527268447e-148
-9.2266079678790071e-81
-1.0411340774406378e-103
8.0941473745621240e+27
-1.0281889444544561e+273
1.2835924554294807e-279
-1.4624580603873391e+23
-6.3578475473518367e+38
-2.8859357618470529e+121
-8.8109205344008976e+184
-3.0012502898073152e-251
-2.9025435168449277e-193
8.6533708172681983e+286
1.5539518224515345e-239
-7.0122996541537036e+102
-8.8013505740135091e+190
-1.4099583229534300e+226
1.0691228033117046e-48
4.4385730218463386e-155
4.3631647317337897e-206
-2.3736006383464396e-232
4.0141952078799120e-140
-1.8652001913992706e-233
3.1173838618886626e+64
-1.4039914370319900e+268
7.7415311786584923e+112
2.7697013888393939e+143
2.9926001511678505e+248
1.3440364842289022e+57
5.6784893699390267e+190
-1.1119128476717201e-115
-4.0039574905229920e+248
5.0719311523587348e+97
-3.7799370292779412e+307
1.9729712812806022e-89
1.6805300964483064e-120
-3.9628596730419784e+83
6.4298192424075072e-161
3.7638848945081174e-118
7.0842099079844940e-41
5.7889322460949800e-50
4.4047677727160071e-125
-5.0799232896994610e-215
-1.7901164260707576e+220
1.9358358445275574e-274
3.7555193691609146e+225
-3.6059869423231217e+196
7.6203627294002622e+153
4.9441989395538885e+141
-1.8360382768890050e+261
1.2978655910189979e-158
-5.2336476456172417e+184
-2.4558079401445566e-80
-2.3935065511346567e+171
-1.6170777314037822e-29
1.0942511815621220e-41
1.7567757851974802e-221
-2.0912089411193242e+12
3.9247121259139423e+263
-1.4358702566058428e+69
9.5009865044607665e+86
-2.4687613419234142e-161
-1.5492539908094543e-12
7.1343454059791309e+142
2.2509841490426161e+121
-1.4050723559390483e-53
7.6351816213388715e-90
-1.6508381176691853e+87
1.2536231913527232e+151
5.1022034708927388e-186
6.4651514437667454e-202
1.4440912361267536e+44
2.1649349622175719e-304
-2.1878310087360650e+62
-7.5999555307695687e+109
2.9641929430816624e-275
4.9029702006676629e+292
-2.5867551559765275e-104
3.9782995116407534e+193
-2.1407691019073919e+99
2.1695381129071539e-274
1.2209538200922584e-125
-3.2163446417999875e+223
-1.0914291681935223e-66
1.2869152914626489e+284
9.4205774123250004e-133
1.2117388200430978e-106
8.0629716488603240e-187
5.3430505961389351e-154
5.0622067246717665e-193
5.5452815378727101e-267
4.4710239249825295e-259
5.1400597710207130e+267
-2.8566665357587012e+70
-2.4196372607340323e-07
7.6231069363203290e-154
-6.3380429349418405e-271
1.0308255371404703e+66
2.8491802360977378e+236
-2.6761321380223669e-108
2.4373980111780113e-02
1.8521364570547223e-264
-5.9023340714070506e+110
-6.4006946857367779e+131
-3.1258187392804408e-109
-5.9086127636480014e+76
1.8065368950432547e-11
-1.0186043359296281e-56
5.2243086779291286e+126
2.0179871160431883e-112
7.8581429893196458e-146
-3.2663080710330119e+276
-4.4887530147629384e+128
6.3465468123757076e-73
-6.9499275111320627e-218
1.8556310609331676e-15
-1.3407767630443754e+120
-6.2341463335147292e-226
1.4744597893324291e-274
6.3454310708231975e-52
-5.0958043863485578e+148
-7.3457208022154857e-166
5.3923850142878537e+71
1.2005312213921148e-250
-2.8140657558135878e+268
-6.1299526598155244e-149
-9.8388850390506006e+292
-1.7461668997769605e+274
5.4518197679915870e-59
-3.9077684424615936e+228
1.4294063795810314e+219
1.0537681210351466e-01
8.5931807702907294e+102
-3.6132199867509722e-232
7.4032345222748329e-152
2.6886057500928048e-194
7.1034726627712739e-96
6.2745239430423631e-111
4.8503392361222625e-123
-1.1596056471564896e-302
-4.7569140145285722e+25
1.4593333456547834e-103
-1.8332851826492849e+170
-2.1347563954395297e-80
-2.6464739221313051e+121
-2.1261125837245529e+70
-5.2593261818109272e-152
-2.8977396743884154e-158
-7.9381041157515728e+23
-5.5772846583801442e+231
-6.7497798650834052e+54
1.0191413644372231e+126
-2.1047890591757632e+12
-1.3780007382421152e-127
-5.4999793984896884e-240
-1.8147224236993742e+225
1.1424419450244490e-06
-1.9120433660644410e-34
3.7123936465928253e+267
1.3911042461587125e+308
4.4219210459055705e+72
1.1674048762751440e+29
2.2614550853317848e+264
-1.9449554261485099e-119
4.4331205015416854e-37
-1.5577578936905420e+209
-1.6232858220678208e-299
9.1298266498786077e+190
5.6042795059043942e+32
-1.5260326562412273e-265
-4.1932142679145929e+216
-2.9054968720904836e+218
8.9994542361761376e-145
8.8654245819781891e-170
-3.1496110977841117e-175
-1.2977008467519870e+11
-1.5976030510160895e+153
-6.4462278668226410e-44
-9.9853071527909946e-255
1.5227092136166497e-14
7.1502038276114342e-29
3.0620494593920675e+141
-4.5162895564793439e-63
2.5993749384919586e+244
-1.3712646704916254e+229
-1.7729336614194051e+210
-1.6413616552162345e-251
-8.8054216034708761e+237
8.4954998861131928e+49
-2.7182368562769936e+275
1.8879917343786552e-87
4.1973927706963565e+295
9.9706968976266328e-218
-4.2939550388710602e-214
3.3241538968911114e+301
5.0450721610133955e-113
-4.0861218486948735e-122
1.2361386725230936e-79
-4.8773146938498687e-99
2.1719457620950541e+139
1.5986833337969040e+205
1.1840332307236119e+126
-7.2903787695319637e-193
1.3838692432590644e+120
-1.4688063840775937e+211
-1.6880210254303523e-149
-2.4933101279325217e-203
3.0795625308672664e+16
1.9521913612847373e-215
-1.2472511652845340e-276
-8.7320158655253148e-124
6.5578066104000568e-285
4.8405474508656284e+66
-1.8106073884646178e+286
-3.5323763233183794e-156
2.7838046820647060e-144
-9.3914335737876502e+256
3.2753874651561622e+108
6.5560801162344146e-211
3.7726965846431207e-167
-1.1319921059971691e+89
6.1705926139338747e+42
3.7258619883809993e+113
2.0974179517411605e-224
-4.4070330595315883e-156
1.2297164628945372e+298
3.3314755478592387e-111
3.0627763758112624e+158
5.5225380592537508e+255
5.7303948739054869e+25
-2.0661373917890967e-74
-8.6255585967366167e-282
4.6307371200057059e+201
6.1456457569943461e+246
5.9199315173599744e-45
-5.8662289579310022e-75
-1.0374542800326887e-228
6.0961805042127233e+40
1.1359450103868260e+131
1.4460395078411393e-235
2.6365903973245761e-145
1.1710432412896848e+85
-1.4087990177803111e-114
3.8341063486757244e-255
-1.1005909291145967e+306
-8.0796527656623944e-34
-2.8982896923219795e-163
9.8862620958457044e+39
-5.0701882710696424e-198
-2.6646430392119010e+75
5.3485115974049073e+08
-4.4749101637948173e+04
7.0026341448628049e+35
-4.0058553747676671e-174
-4.3861136241555477e-41
1.7804222697120674e-71
6.1622383423727266e-293
2.1512116501787446e+167
8.1969585591861143e-71
-6.2934492332184392e-126
4.6551241619131748e-85
-6.9904052592518613e+60
-6.9186801077923042e-43
3.1717647318862556e+296
-4.6835630573425087e+178
3.1504652341561915e+250
4.5931679306909960e-152
6.6493468926173887e+34
2.4759093353468735e+200
5.0509454493430901e-05
-4.2271267413593843e-259
-2.6057145366847506e-209
4.9069961378988693e+214
8.9683000072877962e+93
-1.4994844942602056e+143
-1.2000996100163516e+219
4.8676287634813567e-191
-5.4377977350119966e+86
-5.8619936177954753e-110
3.0054460916365737e-67
-3.7908323865833052e+293
9.3860662876199389e-280
-6.1074796305836863e-53
2.6179757407056086e+284
3.6232784460991913e-177
-2.1552464835693968e-93
7.3890106505213382e-181
1.0636892652757093e+302
-1.4503805486760860e+249
4.9011310532783508e-239
-1.2487415836689095e-277
7.3553486685875083e+307
-9.0956094417877312e+14
5.0024706775680163e+192
2.1037752159013090e+46
-8.3187349254280966e+62
-2.5631546653672975e+44
1.5413743728920003e-286
-1.1836538202105558e-166
-1.0182893837169897e-302
-2.2645479465864676e-91
-4.2605501794530241e-33
9.1669155915268309e-12
-2.0866797231194550e+104
-1.3201394187972406e-194
-8.2689631919139883e+91
5.2691235703395071e-280
-7.3562913188292245e+46
-3.0545675448004711e-233
1.0797306017647732e+41
5.4010219440476667e+52
3.3553994296730457e-249
6.0031990062111662e+257
3.3586888736065860e-280
-8.3987474816033381e+89
1.3973348799536802e-66
-1.3245966000707089e+118
8.0828517308636369e-294
-1.2745207313526387e+104
-1.2337087175526527e-200
4.7796620396771726e-197
-1.0614772151181308e-123
-5.7313097573628417e+59
-8.6882953744096948e-301
-7.1991440412594950e+99
-6.2565889645145830e-157
1.7346596178734031e-151
-1.9021089437273796e-137
1.7697134830226729e-172
3.1350006183618057e+126
2.3206908698909525e-107
8.9623469249681291e-29
1.3395366882965965e-281
-1.0792312706139408e+25
2.1696828064186827e-135
4.8817358358186131e-262
2.8227432932094913e+41
-3.3888298786313013e-218
8.7940053733574759e-53
1.9497245292654856e+273
5.2722080728716996e+53
-7.5485674369355727e-42
3.3034093012891424e-180
-3.8348643174923345e+49
2.0833218652828637e-04
6.4387699584494900e+117
-1.0818771017829576e+257
-9.5966721890384762e+104
-1.2558989313704932e-207
7.8413845911634481e+08
-4.4356651363132609e+290
-6.3856360533057776e+253
-1.0210675189979484e-194
2.5270374483969110e-182
6.0437447195390511e-233
-1.0794707341958114e+37
8.0971556424657638e-14
-1.3749351672810125e-274
7.5496526207250007e-256
5.0068400023908377e-16
1.6018558804559380e+212
-4.1335387694793779e-128
8.4259997527200301e+237
1.8632877646552792e+16
1.4540921074229570e+251
-1.3184564854068572e+63
2.8759932673888039e-95
-7.4010422460604320e-156
1.9421475580564024e-167
-1.4845664557669054e+152
-7.9893220020277743e+42
-1.7571229541906539e-65
9.3711485161731897e+130
1.7303844871468148e+298
9.4518864504743765e-85
1.4598505054176964e+22
-4.9187691945741635e-198
-2.6926150180020671e-83
1.1333225959615811e-289
1.4980220972096336e+200
-1.3437681962175520e-263
-2.2406636591831888e-224
-7.7713158753291272e+101
-1.8740922750094543e-124
9.4485662791959221e+100
2.3966248401966299e-167
-4.0781863230097947e+273
2.5127589611946162e+272
4.3732810970507050e+165
-1.0638610781624943e-275
-5.2384472193094883e+73
-5.8670757318020954e+44
-2.4345108817850976e+222
3.7651666472836752e+42
5.8770134275381356e-149
2.5873482040693657e+165
3.0653638513746090e+32
1.3805377168419100e+147
1.0175856784733690e-88
-1.7403847829414860e+02
1.1196648930974408e+180
-3.4945649716662333e+268
-5.9486003145059005e-161
-7.2954701300342687e+108
1.9739141336825654e-169
8.1528869251985535e+61
1.9502425727946753e+284
-1.5736761331839901e+256
2.7131136851604624e-304
6.7790935563083901e+26
3.0498092483252333e+24
3.5158341975330927e+244
9.0299406747695189e+22
9.0049909625412801e+238
-1.0689360030075789e+146
-1.4211175063859734e-05
1.3990235567016426e+90
-5.7366670554362421e+80
5.1437036000341007e+51
-2.8657212354847570e+112
-6.4020319324964862e-226
1.3522138296547059e+127
-3.4522773779254428e+225
1.6131638774900282e-136
-1.0356418426744499e+105
-2.4131047839473481e-228
-1.0166692292097823e+259
3.3926408823970110e-14
4.1330825181046988e+95
-1.6973401418766899e+68
-4.2037331631036733e+244
-1.1862931308699560e-206
2.1002249408147790e+158
-9.0310332908114106e-161
3.9095734614012150e-125
-5.5541397382847912e+30
3.4189788551004576e-74
1.0286431442570709e-43
9.5535534030151297e-50
-1.5444414548731784e-51
1.1408396579314548e-57
3.6588589449106292e+58
2.1587233223783471e-91
-7.2980623538173415e-173
-5.8580488128227347e+52
6.2615321360823454e-256
3.5984742062058714e+165
9.3399210727336185e+125
-3.1192461835414181e+293
-1.1783810410301938e-149
-2.7003606831368629e+307
-9.8104264884682844e+188
-3.7192567472189800e-121
-4.7810253001884997e-138
5.0332697931694719e-57
2.3073016349053354e+143
1.4707080368959127e+196
4.9255725475924602e+113
2.2163903747461767e-138
5.4398100312414282e-86
-1.9171148476573412e+216
-1.5024812235401309e+271
5.2580349736324802e+77
2.2380398096992646e-63
2.1774125192328381e-187
2.6223574874462317e-205
-1.6674512671343512e+06
-1.7423798869162541e+143
7.2147398732434614e+146
-4.4564891431532943e+97
-7.0999928662244471e-153
-3.0890982929061811e-177
3.3707896672844566e+21
-2.7916076432429965e+282
2.8960603712893533e-63
3.2414697507416707e+226
9.0017668778945011e-233
-7.0523860593333563e-210
4.1552947333103324e+228
5.0125373634284673e+168
-1.8633811858263438e-50
9.2293080837648169e-95
2.5485185771660528e-14
2.1018305564792440e-73
1.0357117945460846e-199
-1.1628032091135687e-167
-2.8640556070630724e+285
-1.4087410289501655e-62
1.3607019590368427e+82
-5.0431536891538431e-225
1.4678392022349577e-10
5.7878156320152324e+245
3.1549323268511192e+257
-1.1839369788360383e+97
3.9576162887823083e+171
5.6345503600781316e-158
-2.0395954832653937e+78
-3.0793823523030903e-31
-7.4978052784504085e-140
1.6106438887992402e+267
1.6235126813302562e+05
-4.2734543768104874e+06
-8.3532410477074485e+288
-8.4079222266212867e+61
6.2411613986069885e-170
4.0885309469992838e-297
7.0748925506929036e-113
4.6897299358130276e-39
1.6642277585270537e-33
4.0747764842369856e-193
5.9092831764413528e+182
-5.8406848137740891e+126
4.9875065777455349e+119
1.0314909448639245e-211
-7.1220396445714108e-202
-6.4085682384181321e+292
1.8347068619557790e-70
2.1217984908747145e+283
1.0429861208981750e+198
-1.4832804808154171e+118
-1.3507183341708255e+295
3.8902142280634542e-163
-4.5010080453221426e+32
2.7626484337186529e-281
1.9320534726707188e+256
-1.0265004154964395e+267
-9.2373896553943244e+206
4.8662358642456721e-189
2.5572624582537599e-67
8.2345284869028229e-52
1.3897715953661580e-110
9.9990444764176171e+92
-1.4915900972222881e-298
5.2962582260514937e+135
-4.3581515923564145e-249
8.7738656114432933e+90
-4.8763822053068412e-52
2.7523231587087130e-50
-1.6462476745941532e+283
4.9370598174398607e-34
3.5214614962446262e+00
-2.5694633632878884e-07
5.0562612436079965e+295
-3.7794960722946355e+279
-9.3806701150793942e+238
-4.4324809494074442e+24
2.7785822968171987e-239
-1.3573959877307310e+246
2.2322146018694320e+142
1.8700998524350377e-239
-3.0992640714567557e-238
-3.6088820081831859e-130
-1.3233163026049572e+101
7.9644251073209471e-21
7.7144292650325842e+03
2.0838565807574699e+160
6.5556396242906292e-96
4.8002731659027025e-248
-3.5404142591949089e+234
1.5884291073854807e+286
4.5188329818769152e-62
4.3218980181536050e-202
-1.8283263328439203e-264
1.5706765717363784e+38
7.4904404792669095e+99
-3.9096464674029016e-296
1.1545597293544410e-280
5.6204043673656675e+262
-1.4534770752537433e-304
1.0496286735606615e-15
-3.6675018929784082e-227
1.0758298733669605e-103
1.7979512092966361e+191
-2.7649122651244362e-22
-7.8431256628857100e+156
-3.9712541835063571e+103
-5.1008860141678051e+139
-4.8317699752842394e+60
-2.0364257133866491e-56
1.2338650937769967e+294
-8.7789331992826148e-104
3.1127107705424830e+245
6.6657897670211931e-286
-2.7361848545164207e-287
6.9254880187013401e-75
-6.3151686159503758e-281
7.3778022680616381e+134
1.3953920724334816e-303
7.8799271211488576e-309
1.3178234850279665e-85
1.0911270471148739e-12
6.6873732790030429e+100
-6.9869953577172332e+292
2.0221062982469231e-36
-1.8734546670536587e-124
-1.0581210272332007e+183
-7.8467655060888798e-39
2.7712223417624817e-293
5.0592546752010495e+199
5.3887632226334980e+78
-4.7817668601799887e-57
