5.4182332617136416e+17
-2.0317201639991651e-19
1.3277748341982919e+220
-3.0703992225138056e+44
-3.8044837978991436e+116
-6.5102622754592230e-193
4.9437931879064196e-103
-7.4974892845804693e+25
-8.7116331178967270e-130
8.2574128578611113e+101
2.2860333098590776e-29
-2.6583627966596185e-34
-1.0038436118795009e+140
5.6685223242531340e-244
-1.9121184188556922e+255
-1.1761637633566867e-279
6.1441946448743437e+216
1.6798250713998402e-93
-8.2272880997144378e+303
-2.6164742194839541e+70
-1.6843415264443146e-223
-3.3397155116067485e+166
1.0144944416046626e-113
1.1972411173273164e+218
-1.8112483595771597e-239
-1.3067230168932101e+39
1.7903286452023304e-12
-9.9428270068261510e+243
6.7233282954833836e+98
1.8008252839446270e-231
-3.3529145305738699e+136
1.6685132195841806e-15
8.9749336483877590e+279
-1.5665962483656526e+125
1.6352439825829197e-113
-1.5605769188670287e-285
-2.2658585519857495e-263
6.5281024198371981e-301
9.8418466995807737e-188
3.4141558215067232e+132
-5.2131417236420889e+12
-6.8431570490634131e+70
-6.3201797360607405e+143
3.1530912020125131e-308
7.0901253233743839e+192
-6.7335699553546737e-15
-3.5344005488196263e-214
1.4513960735321381e-140
-4.7831776717555815e-301
-7.7919864894231626e-158
-6.5097271384231780e-10
1.3537503413393090e-291
4.6759937746748915e-119
2.0656434440791388e+129
4.1032416178715475e+80
-1.0075355917115804e-45
5.8763958501556785e-301
-2.6758763407790971e+279
8.5027638778444216e+40
2.3234050408650181e+147
6.0776702651485692e+258
9.2801421609107132e-269
-4.7582342803293788e-175
5.1750754741159328e-70
1.0690770753462213e-46
5.8108933719716223e+41
7.4622189597219066e+65
-4.3828884373198583e-125
-7.0028537645314333e-176
-2.3692769352289080e-109
1.7288182979478880e+267
-1.6589844400163250e+110
-8.2163892635730347e-160
4.9106209791795146e-293
1.8066949368032633e+165
-1.4304653055632559e-37
-4.4718129241416724e-33
1.1538182924103499e-55
-3.1115746204632372e+07
-9.9520466504942429e-87
2.9386414253120082e+55
-6.3328392358935040e+289
-8.2992617453653810e+155
-3.7018086158014517e-114
-6.7334303127580369e-180
1.6865859934273297e+00
-1.4936254813961199e+245
9.9657812285472135e+235
1.9471374655852287e+73
1.0870786303188006e-281
-4.2386688163109713e+53
-1.2972995147970252e-23
6.8777821303854886e-69
3.5702910123175162e-46
-3.1681617714085648e+291
1.7437834489586342e-248
-2.9781830914458216e+146
-4.6932713196366813e+198
-2.5109766961019627e-272
2.1888432208909044e+189
-8.9891480453734452e+166
-1.7579503044764092e+188
7.8011655087471518e+152
-8.2594905996674467e+24
5.3927971804156620e+103
-7.6597950276662704e+46
-2.9228095627194486e+186
9.6527335119971110e-303
8.2830848227736289e-121
2.8617708271881180e+258
2.8321240226127061e+51
-1.8358724813542460e-55
3.3962160928464509e-136
4.1948965139308692e-67
1.6579916546519633e-217
-2.0014558028914072e+267
-1.7229995555879836e+121
5.5460380424019621e-49
1.9884942351066114e-119
1.7461404814601227e-186
-1.3047417685946691e-133
7.6781666702428457e-184
9.9401160710845374e+272
-2.2721334977797410e-16
5.0432728755266792e+123
-1.1565739740014273e+192
1.0298773870709525e+256
-1.0663437910003360e-246
1.2477326131278898e+08
-8.7112329933425623e-22
-1.9902705377432481e+183
8.5880459667716545e-212
-1.3531638656168423e+308
3.7003823703960558e+245
1.7724180166806533e-137
4.6313131562815865e+111
1.3579188487433403e+98
-1.2066867120605486e+116
5.9452165637793210e-182
-1.6154436040610810e+73
1.9042429221589779e-262
-7.8571835512184147e+272
1.6794664462184247e+242
-2.4677887163422948e-20
-2.2777754843551086e+18
-2.3297215493091742e+94
2.5417480955518574e-237
4.2725612876840280e-99
5.1666155465131796e-23
2.1132098186566734e+31
1.5062070407127766e-171
5.2568682998730866e+217
4.3372562624032919e+107
2.1817397819496447e-60
2.2515175295705420e-223
-8.2713943742877976e+221
-4.1387318609957445e+04
6.2809484965715035e+228
2.0605641149954548e+229
1.4047489679086475e+82
-6.9477662022240161e+84
-2.2789690821103737e+264
-3.3152024051283004e+274
1.3184072675553105e-110
-4.1217465441856074e-33
1.5261239946701472e+41
-1.8511160405095203e-76
-4.4443286522066369e+136
1.4125351670299248e+222
-8.2284340374151993e-225
3.0219464314871952e-268
-1.8636785016985841e+247
1.2229683827660478e+00
-2.8053169898840906e-70
-7.6919825107961348e-47
-1.8635110095585754e+286
1.9857885779795292e-109
-6.1222551411948472e+271
-3.4230839916648705e+161
7.7015191545166724e-14
4.4693734337631203e-39
8.0599692872375828e-236
1.9461001550887519e-178
-4.2735550994460447e+18
1.8780023280661874e+129
-3.3232386182504763e-13
-2.5039201654709285e-273
1.9186351093451508e+222
3.4991659909354650e+108
1.3539431270705031e+14
8.8789514955728319e-264
-5.4508115709356397e-286
1.5530829675883085e-270
-6.8398359103134511e+115
1.8826187954333641e-75
1.0593265490523953e-290
-6.1889523884125310e-106
3.9990215355817309e-157
5.2068918805782507e-36
4.4090329246711098e+255
-2.1582993875181156e-202
-2.7997329929925941e+245
-1.7478052113495882e+218
-5.2135289098831192e-189
-1.9302820678080801e+306
2.4580928544995413e+52
-1.3856703106380884e+197
-9.2463840179259396e-298
6.9559505882881127e+301
-8.2413065967333750e+239
-3.6209651813362475e-44
-2.1756155277407353e+176
2.8357994704708515e-139
-1.0919787320897428e+155
6.0338528710065535e+00
-5.2354774627129254e+151
-1.0031894315222398e-226
3.7068959409938167e-304
-4.4799639072028692e-162
2.7529026565282529e-04
-5.5692009650797185e+237
-4.0030570313351708e-168
-3.8630776594593029e-205
1.1518679391674615e-194
-6.2369806943162373e+76
2.8267755549233730e-264
1.0676735106225854e+153
4.4216152180475726e-141
1.0385800642328098e-118
-1.7129101522219180e-107
6.0061884415150002e+211
4.9154035400935145e+182
-2.0567329310192158e-298
-4.0283198064632866e-84
-1.4218279263645058e-121
6.1447753657611690e-109
-5.7153497560619170e-214
4.1067247753299314e+164
-1.2160125826955336e+132
-3.6171284397084719e-93
-1.4952560373397475e+199
1.2108265191784728e+145
-1.4495143343007235e-150
5.3055713904055412e-112
-2.3283880550483871e-155
9.3940237028735216e-117
-1.1641433913454420e+15
3.7295913765240802e+78
4.0010766336622747e-03
-4.7939775154264942e-185
7.5472290102051344e+295
-1.6854321128106000e+97
8.4058790302342880e+97
8.1824867578358071e-234
-1.2636519101091813e+17
1.1343008242336831e+194
3.9409157474471254e+277
-2.9194901181464153e-164
-3.3172115264768949e+304
5.2921634762092115e+142
3.8836416166090119e-270
9.7953464774797603e+145
2.0391921260123404e+269
-3.4297626680089248e+226
-3.6711714474056176e-97
1.5359884815936446e+77
1.9453065926779843e+59
1.6573695284032871e+97
2.9930683300507928e-117
-2.4378429906580068e+166
4.2215147877582661e-287
1.4348434389496769e+32
3.0257093936373707e-62
2.1458965046337946e-114
-1.1956763655065633e-165
-7.0298967669249368e+151
-3.4727083337556372e+157
-4.0577156703972557e+221
1.5441006795113239e-42
-3.1170035127286908e-281
-6.6199774082859590e+111
8.7913374472900493e-254
1.1964807067232771e-288
9.8084203401361508e+60
1.3799857099162240e-90
-3.3230388585369560e-218
-2.9818175227839534e-131
-2.1120126372153528e+185
-1.9553819590625813e+241
3.2568651836806379e+165
-2.6748623845819533e+264
-4.5301430929590721e-172
-2.0832725794006981e+164
-3.4939009888641620e-219
7.7530415890940572e+43
3.1181980132272089e-158
9.2748818447069169e+01
-6.8455350742070684e-243
1.3415348859420219e-209
4.7117374828985441e-286
5.5058637348633676e-255
1.3362182556820764e-298
2.1642419367030648e+119
1.3573963450795427e+245
6.3481505697210638e-234
-1.1101745137610795e+261
-7.3267716218720820e-290
-2.6594050275146039e+244
7.9919515353132167e-263
1.2316709775728442e+126
5.9307746345726962e-257
-8.3594420534085957e-224
-3.8557071920478621e+276
1.3286793228131440e-80
-1.0159939921525486e+54
-4.6224582087667835e-233
-4.8083861888295296e+100
1.2281342630863101e-189
-1.3200959383825729e-145
-2.4993471379420062e-75
1.6883409443870943e-293
4.6017207293251775e+134
-2.7455144817530559e-161
-4.6476421567415688e+46
1.4187358907308618e+97
-1.8297924239426684e-197
-4.7721598375508954e+73
8.4496647482458367e-67
-1.7448809621946944e+86
7.0888016302876079e+293
-1.1399169426687564e+229
-5.0817903593917352e-93
-5.7163106430764410e+203
1.7777158185719080e+258
-1.2274017382908823e-267
-3.1838847528698013e-308
1.1561756983247845e-03
2.2116204064531676e-17
6.5890824304595524e+130
4.6192222049262301e+57
6.7048751323560630e-155
1.4275304902852210e+163
-6.1432236869390082e-63
1.0697443968402935e-70
2.0099032692896318e+139
-3.0314577547164018e-48
8.1175069101831049e+110
-4.8226927062739781e-306
-3.6183729754270165e+294
1.6765252726612881e-265
1.6023008009145752e-72
2.6496215287414055e+213
-1.3921031202681896e-272
-8.9432815119569327e+218
-1.2653942390925589e-206
2.7731987551672803e-94
7.3858352701542631e-192
-1.5675315734947511e+81
-2.3382427144458835e+15
2.0152031952185412e+287
2.1910982505592452e+89
1.8108002627161594e+238
-3.3704381472485023e+296
-6.4556397842194305e-47
1.8930562341790852e-200
-5.0467694723539461e-18
5.7745938998450347e+293
-1.2206356777827238e+93
1.0789216248791438e-78
3.0270575382795631e+38
-7.9376026227985067e-253
-1.8005262820773347e+04
-9.8009977497632049e-142
2.0026657703974908e+152
2.6765192939778863e-181
-3.2988168937583227e-196
4.7053383058330807e-146
3.2844935053072912e+20
-4.2577675671378431e+52
1.2816658638582276e+269
-4.1732680481645866e-184
1.7539428981682327e-252
-2.4072429847879978e-21
5.4797881534705218e-301
4.6420218851411735e+259
-8.9069329467676820e-36
6.7449907237835491e-225
1.7939027114298675e+87
1.0680887705053471e+55
-3.0647352542965545e+266
-2.1609397950972392e-252
-6.6887176408482660e+228
-1.4356936672547739e-25
-5.4993325885596947e+206
-5.8469928096971179e-224
7.5111540466630517e-308
6.2724752828067960e-20
2.3181724814898829e+63
7.2657328035472532e+59
-8.4927711835194331e-72
-4.7388712125538811e+164
1.9044664765763827e+28
2.6073741360305842e+273
-2.7886765691764731e-106
-4.9419467369002363e+287
-3.7606380331797699e-251
-3.5035662559221196e+164
-4.2884761194176032e-150
6.7204492982978961e+125
2.3192125338973937e-34
2.7966999231429627e-209
3.0149269825929221e+216
-3.3811773839946259e-237
2.1768142954087104e+137
5.4128948067908085e+54
-6.5187586543375292e+282
2.3031765372386647e-107
-7.8271624339242286e-35
-6.2701888631314049e-188
-3.6109258377433956e-219
7.4196761184190115e+254
3.9430064553178710e-201
6.4212300669298215e+59
1.5876034977417048e+298
-1.6274806262503592e+105
5.5238576594806125e-25
4.3833476486126834e-126
7.3740406549224484e+68
2.6171031479275757e+284
-3.5576671381409129e-50
-1.3242099532274807e+68
5.7630705964182559e+203
-7.2637983452657512e+47
1.0373469155463638e+09
-2.0869182874002312e-216
-2.1879638504385417e-240
-1.1663210297268672e+303
9.2925073651186336e+199
-1.0102397387599189e-134
6.3083517216940294e+51
2.9187102889487572e+49
3.2150978565290709e-55
-1.0067576572471288e-230
-1.0914131021336508e-28
1.9076041948824330e-25
4.0717587415266998e+277
-6.1273792181324262e-238
5.5710099885471531e+49
6.5755049510386504e+49
-6.3921087374564537e+124
-1.2688210032332828e+130
-7.5884085920287027e+198
1.1378812223390206e-22
1.9867726489195824e+37
1.8368928224721579e-94
6.2124021821637013e-298
-1.3382003796324980e+104
2.0090946060635735e+151
3.8802501511646945e+195
-6.2265650972922648e-295
-2.4708208673359011e-172
1.3541080237989442e+95
1.3331039740222851e+93
2.6468009064224162e+200
2.2680675626639448e+69
9.1728983484376542e-29
-1.8224657178059085e-100
2.8287237950912052e-95
8.2102872852533059e+81
-3.7759708616824072e+190
7.7918348833551432e+46
-3.9747450708324720e+238
-8.5027079026584077e+84
-4.4493998989134445e+21
2.6962072368718135e+126
-1.6861249124672744e+112
-3.5157874716442568e+155
-6.5302482482742894e-46
7.8895782892735646e+04
-4.3766724273457817e+161
3.6672313601178502e+155
2.7638288463695133e-254
-1.9960745772177852e+87
5.6900167718569030e+97
1.0102654166238174e+99
4.1448652163416196e-210
-2.7761044525895967e-160
3.1659166250520306e+11
-2.3269766519043335e+182
4.8934587026208084e-176
-9.4648815180790367e-141
-7.6014440231545853e-96
-1.1471070084211530e-274
-5.3865836952097943e+296
1.1186135735864929e+180
-1.0317379108432104e-128
-1.2502929939880393e-08
9.2260584482600794e+27
-5.2018318751767991e-253
-1.6568256714065738e-228
8.3231111714617001e-88
-1.4088350843284998e+172
1.6881330748669432e-120
4.4955511681882710e+80
-2.3050023852179256e+08
2.4578070184657276e+113
2.7059462474007619e+208
-2.4464531054263140e+131
2.2765119992778269e+33
-4.1971910659800532e-243
-3.4600258586715545e-102
-5.0870696197552555e-185
2.8540661635874063e+76
2.4934144298575307e-188
1.2999380474967300e-145
-3.7460341170341122e-223
-7.2664371613335416e+211
7.2329760188018474e+02
-8.5830358005262966e-180
-6.7489034061280689e-105
1.8457768392850872e+63
-1.5755432607469848e+178
-3.3516098976906604e+47
-8.1819188136373282e-153
6.7281861028954682e-302
6.3145668542804005e+54
4.2173081975995138e+42
-5.1084485491139028e+29
-5.6007256416491358e-205
-1.6812362059866014e+168
-9.1863153637074226e-28
-2.4026403375986206e+296
-4.7205190169266880e+265
4.6665215082784903e-206
1.6393276655749042e+241
-4.2412454399519274e-179
1.8454540291687094e+128
8.5502314921027852e+109
1.3044677431337125e-305
-4.0449272491632460e-209
3.7942561508827416e+230
-1.5964366248049705e-107
-3.9100069441310725e-181
-6.7091993896373949e+167
-9.0896793803117763e+300
5.4042659963479592e-42
-2.4063674153545434e-189
6.8648882259383713e-246
-1.8056600696276632e-03
-1.2224023061566402e+241
2.5590058886733032e-230
-9.6495357236086748e+126
-1.1644180134908822e+103
-9.9076039866762308e+123
2.6639571486437177e-234
1.3151674643950914e+284
8.3086052923315553e+155
-4.7453744490912599e+103
-1.9443860922789034e+161
-4.0221619975263700e-227
4.2689567157387053e+27
-4.1797690348027043e+09
1.1516203879736560e-120
-7.3859983555588491e-108
1.6626815356529518e+271
-1.8368266117162323e-109
5.7323528569525157e+161
5.2954401650752216e-149
1.0484927656370205e+58
9.8634717308636055e+123
-2.7768437543381813e-243
-1.6578103515963240e+135
1.8100388369367053e-35
5.7931403467687526e-88
5.2617960949469627e+77
5.6737523637050371e-67
9.4547436145597806e-190
-3.0400945022224938e+304
4.0095504822359876e-226
1.9428332116967744e+208
-3.5835034365442121e+267
7.4160791644354410e+298
5.1935432923595218e-224
1.1462569592525649e-201
8.8524432825653450e+206
-6.5383778605817264e+231
-1.7837508815364060e-35
-1.4755979669163869e-268
-8.6297691160112951e+166
2.9879447269883677e+273
5.5837156166355794e-172
-5.5811687496599954e-99
-1.7019476908394510e+62
4.3300476831802505e-120
3.4111634885167745e-85
-5.7240830941636404e-126
2.5528857261499119e-271
3.8185048033229173e+124
1.0277124688817625e+305
6.5113152276191130e+20
-6.7935483032874151e+69
1.6799917035715093e+144
-2.0375588556081323e+42
3.2329287688537432e-139
1.6307250137930982e-156
-1.0470767347766984e+23
-4.2075386270096270e+164
-1.3448213374255973e+166
1.2230773774206137e+256
-1.8237724710553396e-264
5.4793428957170254e-235
3.0420560929587715e-60
-3.1339216502847571e+277
-6.0628656591747733e-242
4.1823274220529997e+37
3.6456310008443999e-265
-2.9427547053679361e+96
-6.4335891653372328e+246
-1.4794035805046414e+197
5.8348651914432462e-53
2.2433031590444316e+160
7.8786243680448811e-258
-7.7565916852330057e-141
-4.4751714393179605e-284
9.4153709490991588e-267
-2.3328900334914286e-183
4.6027628883402050e+65
-1.8877242083015176e-42
1.3835960816738306e+30
-1.4162256364012991e-286
1.9148353517201420e-134
-2.2389918170835394e+258
9.1177586135715573e+197
7.8034548367280849e+202
-1.7286977465082796e-74
6.4327018045705226e-81
1.4837894048215518e+252
6.0784777782330183e-72
-1.1275902376626223e+46
1.8685310352138664e+57
-6.4551710775335911e-83
4.2583320169398325e-295
-4.6503835624318023e+171
-2.1363961920192143e+277
8.9188401148882279e+280
-6.2716601566117260e+291
2.2107934255500186e+203
7.0374549402871684e+186
2.9854089967443779e+118
-8.7645517097577701e+44
5.6190467901967325e-16
-8.8716907886510023e-292
3.0467668839970579e-90
-1.1850593638513633e-93
7.0151738337947156e+37
8.9565346222697347e-20
1.7438999392058447e+166
-2.0653506673831635e+242
-1.2197737582609964e+196
-3.5022605310690456e-286
1.2439647469156549e-92
-2.3343666137295112e+287
6.2794397863404820e-55
4.2667312443938443e+26
-2.3749164601745610e-191
-3.6300240144037338e+279
-4.2252677882295510e-235
4.8097933930371041e+210
9.3050893171851168e+115
7.8225292271714805e-118
3.2882101819753756e-142
1.7411697482993574e+105
1.4891731453335126e+32
-6.3859488853922452e-142
2.0348907878154810e-108
-1.5597356895788429e-118
-3.4514757056233736e+64
-4.9292549509244349e-166
4.3728076667448759e+48
-4.4214549679176924e+299
-6.4224936370522844e+255
-8.8707462277168586e+112
-3.7643497558674307e+161
-3.2634208520541692e-106
-9.3599798562582497e-199
2.3751659591481774e+79
3.0222923684830619e+100
-2.2728340336506115e+226
-5.8998131515546874e-296
3.5774175304541522e-115
1.3429162467204101e-117
4.4233963031962962e-150
8.2072873563306280e-13
-1.1025923031159564e-147
-5.6052442057055875e-142
9.0682587793985713e+32
-4.0639294763449603e-270
2.0372100934111466e+82
-2.4447749789871001e+208
1.9045652249755197e-144
-5.7641261739046108e+87
-1.9920519394834534e+45
3.7898763818092615e-12
-7.0210322657573882e+140
6.5235336858816342e+296
3.2967881980566987e+187
7.9812815339940940e+235
-6.2357833596582923e-229
2.0740545097320676e-133
-1.0874329866560319e+252
-9.9042636657436603e+191
3.8024839924376928e-12
6.9660380545149471e+236
2.2434257376381748e+158
-9.3015066497715526e+54
-1.5274156553981762e+10
4.5144117921053996e+21
1.6522314778771614e-178
1.4160745912426542e-170
1.9583398014540821e+10
-3.7897671657951283e-244
1.0854632049606212e+263
4.3046003060078052e+299
3.6359818935542476e+245
5.8189979148043209e+276
-2.2403292485800185e-293
5.1666017003783269e+120
7.3065205585368127e+275
8.1547810574856237e+39
-1.5683313141448358e+87
-2.4472314827673966e+72
1.0158463892955871e-245
7.7124081813060370e+275
-3.2510453909145671e+88
-2.4487241060994166e+294
-4.5161203336157872e+173
4.5840417679321843e-195
-6.3317559133378832e-232
-5.3763154893024482e+135
1.0242856889491781e+92
-3.8977027663385332e-146
-7.6526569143187188e+131
-3.3348470449745467e+244
-2.8159367994876938e-101
1.6122199651158608e+162
-4.3653888848171326e+163
8.3370809860842664e-186
3.3272785325452356e+167
4.6186483294670978e-170
-3.4470940402100504e+260
-4.0865989682485739e+247
3.9332809290095878e-210
-4.5890685222355386e+95
5.9589546997343459e-89
-5.3800872641286523e-71
3.3053478083533679e-110
-2.3733865887233080e+246
-2.2710491594653764e-303
-1.8899271151005635e-239
-6.4630473693523114e-281
5.9757052010873624e-36
1.3592935380794531e-201
3.2294373035906896e+133
-8.3595103360407392e-271
1.4576099472973858e+101
2.7920824638500190e-55
1.2084157834340478e-289
2.2524396977268962e-267
-9.2158903229280321e+32
-9.6723777462422839e+223
8.5508440895522134e+30
3.4746396911220649e-240
-9.1846945693925021e-307
-7.2256807846866547e+282
-5.8272844323749964e-236
-7.7721640328227678e-183
-8.6144698712186246e-294
1.3736571301065090e+270
-3.2508538268049507e-128
6.4342074342996351e+60
1.7537421808907777e+285
1.6571892387852714e+233
-2.7155622988844872e+78
1.8114730043498341e-119
-1.1741731790156196e+203
1.8067853762922334e-261
-2.3979438868709498e-296
-1.2909515829181953e-297
2.8462278003473450e-151
-4.2345487532622703e-283
-6.1388822294446009e-279
1.3076870348304464e-236
-3.6862266584753113e-69
1.8830264956359865e+235
-1.7429895367412558e-78
1.3610636153352372e+210
-4.0751084357409955e+28
1.8339768951281500e-290
1.6775753560265119e-217
-1.9687502952112316e-168
7.7506768880684838e+17
-6.0803258067051456e+171
8.8868856027199264e-71
1.3279384775770105e+300
1.4658300401561415e+289
5.2361793105997932e-135
1.3766220700510460e-64
1.8724427171936907e-224
9.4673978802022965e-64
-3.3092549332722006e+67
3.0456203972602808e-01
4.7581198224075142e-205
8.1164139125603560e-252
5.1061833328598452e-212
2.2708780951207100e+248
2.1502325083692654e+186
7.7698542282980960e-30
-8.4749567798508197e+276
-2.9582681949871335e-201
-2.5806066024763388e+132
1.2886664078712695e+94
1.6169335788365731e+165
-5.8571163460380795e-90
-1.5457704580286516e-175
6.8829858769961207e+152
6.1664300744866283e-38
6.2578361067817704e+99
-4.1105434280265534e+131
-4.9546436402761537e+205
4.4166598977385063e-09
-2.1962926323178766e-35
4.3824519983507108e+121
-2.4736130637656882e-154
-2.2728981268045102e+34
4.1376025861987420e-104
-2.8306846635960097e-167
4.2294148637866987e-263
-4.2828764052362831e-46
3.9372311059598908e+148
-2.6552634104921550e+182
1.9720148132975950e-106
3.1305422899769524e-72
-2.1679517554333315e-274
4.4672001409500500e+250
-3.1600544378424873e-221
4.7734171495391888e+279
2.4160838939341542e+106
-4.4947921848004910e-106
-3.2006335975956473e-248
1.5046547379129505e+44
-6.5924945062201752e-178
4.7835064315156426e-145
-8.2846881518945060e-220
-1.9263966013361390e+19
-4.9218527476277432e+188
2.4610069245767587e-51
2.1528091701477897e-01
-1.0012620633548614e-173
1.8264487209305411e+67
3.0065566568545538e-100
6.1360879713269852e-214
1.4145601086148568e-39
1.6735611412104509e+141
-5.3584271063478528e+36
-7.3549478968835042e-198
-1.8906723055940461e-208
2.0552484509065593e-225
-3.5136478060952033e-199
-3.4452245351526436e-189
-1.9425303697111149e+129
1.1510190606260704e-04
9.1453364487581067e-242
4.7258051935135657e-41
1.1695851618134228e+52
3.0827483310276721e+18
-1.1436832054296034e-23
6.2787707708085030e+300
-2.5170184787095669e-124
2.6584886839334009e-09
3.1386826892652614e-251
-1.3268132389541878e-291
-1.5958087290072604e+67
-2.8116166748024931e-191
5.4188615720888273e+22
-5.8269718514269880e-76
-1.1536598795086023e+254
4.4106520044903681e+193
-1.5712858988384449e-07
-1.9334603400333126e-207
2.0073044133655851e+74
-9.8820274109049683e+186
-8.8190718611950775e-221
8.0039379958708908e-26
1.2658659404868800e+198
-1.9934056795877486e-293
3.0147435431746098e-92
4.0889088504793858e+79
5.0680191495334329e+38
-4.1562394264623538e-303
2.2778489196542383e-245
-3.5044129208466768e+279
-5.5117818071509285e+232
8.0441156765637932e+198
-8.4937260922485113e-306
1.6545957060005057e+293
-8.9440519350988432e+216
2.4639172730342624e-257
3.0435438592311508e-68
2.1962065819147025e+158
2.5946280021272377e-92
1.7523720268552184e-196
-1.6978875225582013e-217
1.5044195623421174e-111
-5.9867587606993830e+25
-8.5872195591910226e+91
-1.5150993300055721e+190
2.5957690332909601e+66
3.5004906181376134e+148
8.1314330062194644e+190
-3.2581176633472627e-282
1.2528033229720967e+91
1.0969568878345169e+14
-5.5792144075934827e-213
-2.1445741774241428e-42
-3.0547379012132576e-254
-8.1232690533639364e+22
-1.3941328026899802e+261
-2.6685549384002807e+153
-5.5000618650703001e+08
2.1448916019935479e-217
-7.4743063262638466e+226
-9.8407396218166895e-279
-1.3348975867262277e-48
1.6087772335662918e+229
5.9089550455195351e-202
-1.5728299978993944e+175
-1.5544621179174944e+259
7.2856063116904982e+20
1.4269681830678284e-68
1.5729977176898667e-182
-7.0576867709631981e+173
-2.7483703238148822e+295
-6.6001042479383230e+222
2.5527367996839175e-229
-4.3844657416438754e+223
8.9382731158895666e-265
2.8325539854545786e+193
5.6697205266573399e-303
-9.7724073904783542e-85
1.6900691316042001e+143
-6.1261974597676149e-77
3.7383169162352419e+282
7.4344848304318568e-153
-4.6187782545618004e+268
-1.3361269902961368e-148
-7.8478730775017702e+121
-2.3895238838874656e-305
-6.9503106579724610e+15
-4.6750616445958068e-55
-6.1098518508354218e-281
-2.9553914078955825e-249
2.1246753236416538e-248
1.3656814433500077e+95
-4.4203509928136214e+73
3.8567517018284876e-234
-1.8866218281855463e+262
1.0680821821880704e-92
-2.0106408343356864e+215
-1.9588829569569817e-115
5.9644489899896554e+186
-3.3823938062453751e-244
-1.0011500754615704e-107
-6.2388257134363315e-255
2.7036429514694202e+150
-2.8264145603754704e+218
7.2693849123301155e-295
-8.6690528666143847e+104
-7.7999320740583508e-67
5.8133563244436168e-266
-4.0144486690526683e+107
-3.5168606403485569e-68
1.7104543313546932e+82
8.3299923291448940e+21
-1.2670162092038548e+18
-9.1602780961187903e+206
-6.2288376796873612e-299
2.4551333071763705e+102
-6.5920955915436295e+42
-2.5821432850809970e+217
-1.0409403368963228e-101
-4.8291212844198822e+57
-2.1936338680853374e-272
-4.5964857471471598e-99
-6.8723896689870502e+69
7.4073872264686665e+239
-2.6181727416612374e+05
4.8176344259153425e+191
-7.1061434068508167e+102
-4.8887208832378404e-08
1.2696058938749152e+74
