5.4182332617136416e+17
-2.0317201639991651e-19
1.3277748341982919e+220
-3.0703992225138056e+44
8.9114569912863585e+307
1.8028804273383408e+177
4.9437931879064196e-103
5.4758341187322635e+150
5.0469236072305292e+214
1.8823840450533769e+228
-2.7573540027461752e+255
1.6811914630377013e+06
-1.0038436118795009e+140
6.7222654341692148e-49
-1.9121184188556922e+255
2.1945330519399576e-10
1.3614417599271547e+292
1.6798250713998402e-93
-8.2272880997144378e+303
-3.6399917010878406e+94
-1.6843415264443146e-223
-9.4963880732481582e+227
1.0144944416046626e-113
1.1972411173273164e+218
6.4657656388025430e-95
5.0532340125373202e+145
6.9950637791252099e+228
-9.9428270068261510e+243
6.7233282954833836e+98
2.0701935095862695e+161
-3.3529145305738699e+136
1.6685132195841806e-15
8.9749336483877590e+279
1.5553880677769316e+162
-2.3886934579752558e+179
-2.0741545921575961e-240
-6.4414183042017566e+168
1.1885231723071502e-40
2.2858895648206697e+302
-9.3768170069924098e+143
-5.2131417236420889e+12
-6.8431570490634131e+70
-6.3201797360607405e+143
-2.1569324592348452e+202
1.4683739634118639e+297
-6.7335699553546737e-15
-2.3882441327029904e-31
-2.5751297860721113e-79
1.5523978511407816e-108
-6.4843385020206497e+178
-6.5097271384231780e-10
-3.3210849452113264e+291
-2.1044421921114932e-02
2.0656434440791388e+129
-2.2391527010252998e+144
5.4395441457220075e+250
4.3191028983166517e+05
-2.6758763407790971e+279
-1.3006128256714696e+282
2.3234050408650181e+147
6.0776702651485692e+258
1.8463982819690402e-75
-6.9445170226411254e+192
5.1750754741159328e-70
2.6927701945984583e+98
-7.1485922711240739e+250
7.4622189597219066e+65
-3.7888397555298372e-33
-2.4084897573105496e+104
-4.3399798358354760e+161
1.7288182979478880e+267
-1.6589844400163250e+110
3.3277512394943864e-141
-9.3184836359061867e+279
4.2559040736144229e+191
-3.9344882686250755e+67
5.6688839114049902e+12
-5.9294815982572147e+215
-1.0035855893082682e+97
1.2817680899736425e-16
2.9386414253120082e+55
-6.3328392358935040e+289
-8.2992617453653810e+155
-2.0371683977128824e+237
2.0740385351424680e+111
-4.4612417425692030e+54
-1.4936254813961199e+245
9.9657812285472135e+235
-6.9714258430244486e+165
-3.9026258104823652e+183
-4.2386688163109713e+53
-1.2972995147970252e-23
6.8777821303854886e-69
-1.8839780117701439e+127
-3.1681617714085648e+291
-3.8490238048914387e+159
-6.6889130372600049e+177
-4.6932713196366813e+198
2.5983661304616589e-105
2.1888432208909044e+189
-8.9891480453734452e+166
-1.3891627260954026e+303
-8.4716157947290587e+295
-8.2481670022778961e+283
5.3927971804156620e+103
-7.6597950276662704e+46
-2.9228095627194486e+186
8.4947848958365808e+241
-8.1878887432263515e+195
2.8617708271881180e+258
2.8321240226127061e+51
-1.8358724813542460e-55
3.3962160928464509e-136
4.1948965139308692e-67
1.6579916588642196e-217
-2.0014558028914072e+267
-1.7229995555879836e+121
5.0973579759712801e-21
1.9884942351066114e-119
-1.0557932120315739e-134
2.4958649137586824e-12
9.8888344632190607e-173
9.9401160710845374e+272
1.6062695523610595e+27
7.5228739474632542e+239
-1.1565739740014273e+192
1.0298773870709525e+256
-2.5686147990647571e-172
1.2477326131278898e+08
-8.7112329933425623e-22
-1.9902705377432481e+183
-3.4665696072578043e+210
-1.3531638656168423e+308
3.7003823703960558e+245
1.7724180166806533e-137
-2.8386548011579179e+191
-4.1916348955080590e+167
-9.6062102491386777e+115
-2.8734217460822973e+252
1.5383409609093376e+107
-1.3277848688905375e+300
-7.8571835512184147e+272
1.6794664462184247e+242
-2.6923841525773216e+277
-2.3098838872063606e+18
-2.3297215493091742e+94
3.0988791611515802e-93
2.9475868632377249e+35
5.1666155465131796e-23
2.1132098186566734e+31
2.9331850925651777e+24
5.2568682998730866e+217
-3.4516092711940469e+238
2.1817397819496447e-60
-1.1141009378731769e+77
-8.2713943742877976e+221
-4.1387318609957445e+04
6.2809484965715035e+228
2.0605641149954548e+229
1.6725613971974588e+116
-6.9477662022240161e+84
-2.2789690821103737e+264
-3.3152024051283004e+274
5.8553513062336973e+122
-4.1217465441856074e-33
-2.3646990649218477e+233
-1.8511160405095203e-76
-4.4443286522066369e+136
1.4125351670299248e+222
-6.3440257075585861e+278
3.0219464314871952e-268
-1.8636785016985841e+247
1.0663694973593737e+293
-2.8053169898840906e-70
-7.1757380585267048e+231
-1.8635110095585754e+286
1.9857885779795292e-109
-6.1222551411948472e+271
-3.4230839916648705e+161
-9.8807353643569656e+255
3.7746587783004750e-06
-8.4128609055696415e+307
1.9461001550887519e-178
-4.2735550994460447e+18
1.8780023280661874e+129
-3.3232386182504763e-13
7.9131292884823767e-175
1.9186351093451508e+222
3.4991659909354650e+108
2.1443801418405833e+114
1.5423143739695845e-16
2.6539125744840211e-240
7.3285282709538928e+196
-6.8398359103134511e+115
1.8826187954333641e-75
6.9419709527072357e+224
-3.3779029814583483e-29
3.5652548356747417e+228
-1.6785088917415817e+184
4.4090329246711098e+255
-9.2241984635222482e-106
-2.7997329929925941e+245
-1.7478052113495882e+218
-5.2135289098831192e-189
-1.9302820678080801e+306
1.1693169139831497e+112
-1.3856703106380884e+197
2.3564139835152487e-149
6.9559505882881127e+301
-3.4868770572633163e+301
-3.6209651813362475e-44
-2.1756155277407353e+176
3.4932594672290417e+98
-1.0919787320897428e+155
1.7021789341179344e+296
-5.2354774627129254e+151
1.8810782680738205e+94
1.8898466387862722e+274
3.7715530589330709e+89
2.7529026565282529e-04
-5.5692009650797185e+237
-5.4476969666038246e+212
-8.2270625981394939e+46
-6.4261704291110219e+23
1.2660427383884025e+141
1.2575320463903456e-224
-1.8669827605794926e+154
-5.5959611145268421e-93
-6.8440833665816083e+77
-2.3653367437626237e-54
6.0061884415150002e+211
4.9154035400935145e+182
3.3864852964159356e+189
-4.0283198064632866e-84
-1.4218279263645058e-121
-1.0479748210312245e+15
6.0619287350025595e-152
4.1067247753299314e+164
-1.2160125826955336e+132
-3.6171284397084719e-93
2.7206122263295292e+242
1.2108265191784728e+145
8.9487289340581004e+147
5.3055713904055412e-112
4.1347466546562128e-24
-3.5702893247696954e+17
9.9200642333971515e+253
3.7295913765240802e+78
-8.0306967765451843e+142
-1.1765510956682566e+114
7.5472290102051344e+295
-2.6368996966654848e+186
8.4058790302342880e+97
3.4177786276515050e-43
4.8496401939200652e+95
-2.4105231542594580e+285
3.9409157474471254e+277
-1.4990049901999405e+53
-3.3172115264768949e+304
5.2921634762092115e+142
3.2018431089859932e-255
9.7953464774797603e+145
2.0391921260123404e+269
-3.4297626680089248e+226
-3.6711714474056176e-97
5.4048297667022388e+125
1.9453065926779843e+59
-4.7745305922640543e+214
2.9930683300507928e-117
-2.4378429906580068e+166
-1.0576133973932293e-38
1.4348434389496769e+32
3.0257093936373707e-62
2.1458965046337946e-114
-4.5002304285729987e-42
-7.0298967669249368e+151
-3.4727083337556372e+157
-4.0577156703972557e+221
-4.5279856848248204e+61
-1.0487773972619069e-110
-3.8416254311392983e+289
-1.4835151135786286e+178
-3.0281454589416733e+218
9.8084203401361508e+60
-1.9751689766755784e+104
-2.1937558921011893e+124
-2.9818175227839534e-131
-2.1120126372153528e+185
-1.9553819590625813e+241
3.2568651836806379e+165
-2.6748623845819533e+264
1.4002695992361690e+184
-2.0832725794006981e+164
3.1774876178202159e-143
7.7530415890940572e+43
3.1181980132272089e-158
9.2748818447069169e+01
-6.8455350742070684e-243
1.9545925761431403e+292
3.0024328914605389e+218
-3.6288278804431504e+264
1.1198294742300955e+258
-3.6522130419892340e+218
1.3573963450795427e+245
-8.1902347895075849e+268
-1.1101745137610795e+261
4.5581887196420496e-31
-2.6594050275146039e+244
-8.6256155308791739e-142
1.2316709775728442e+126
1.7513221577629256e+289
3.2750068056966199e-187
-3.8557071920478621e+276
8.7141586553791472e-07
-1.0159939921525486e+54
3.1984348364816667e+243
-4.8083861888295296e+100
-2.0476936769079597e+115
5.2347687683098318e+168
-2.4993471379420062e-75
-2.5781066812195450e-90
4.6017207293251775e+134
-2.7455144817530559e-161
-2.0870790278457913e+162
1.4187358907308618e+97
5.3317477701795251e+122
2.9222657589727204e+287
8.4496647482458367e-67
-1.7448809621946944e+86
7.0888016302876079e+293
-1.1399169426687564e+229
6.6842296625165015e+34
-5.7163106430764410e+203
1.7777158185719080e+258
9.9036365501095521e-14
4.0711146380721990e-50
3.2400546991223469e+63
2.2116204064531676e-17
6.5890824304595524e+130
4.6192222049262301e+57
1.1178469565200072e+136
-2.8155196043250349e+273
7.0968051258778972e+139
-2.3288392083720922e+24
2.0099032692896318e+139
-3.0314577547164018e-48
8.1175069101831049e+110
5.5702829637770373e-247
-3.6183729754270165e+294
-5.4246434692744610e+292
6.8015725530696342e-33
2.6496215287414055e+213
-4.5392277143010292e+301
-8.9432815119569327e+218
-1.2653942390925589e-206
2.7731987551672803e-94
1.3279047297303006e+265
-2.9406786893116441e+295
-2.3382427144458835e+15
2.0152031952185412e+287
2.1014862203321081e+139
1.8108002627161594e+238
-3.3704381472485023e+296
-6.4556397842194305e-47
-1.6905217858561195e-84
5.5049132729015035e+149
5.7745938998450347e+293
-1.2206356777827238e+93
-1.0265366219396732e+18
3.0270575382795631e+38
-6.2661704667555052e+226
-1.8005262820789005e+04
1.8461827095137332e-116
2.0026657703974908e+152
1.1851692735232003e+87
1.9451485850047736e+195
-1.9831381867705865e+276
4.0070420125332334e+20
-4.2577675671378431e+52
1.2816658638582276e+269
-1.9985293318528292e+168
-6.4003757254892868e-106
-2.4072429847879978e-21
4.4953313283352479e-148
4.6420218851411735e+259
7.4611204112127203e-28
-2.0457022514256815e+72
-4.5914756269483256e+235
2.4819236784063066e+152
-3.0647352542965545e+266
-2.1609397952966598e-252
-6.6887176408482660e+228
-1.4356936672547739e-25
-5.4993325885596947e+206
1.1571320035079513e+247
-5.6176851744658590e-284
-1.1881396309354514e+61
2.3181724814898829e+63
7.2657328035472532e+59
-8.4927711835194331e-72
-4.7388712125538811e+164
1.9044664765763827e+28
2.6073741360305842e+273
-1.0281889444544561e+273
-4.9419467369002363e+287
-1.4624580603873391e+23
-3.5035662559221196e+164
-2.8859357618470529e+121
-8.8109205344008976e+184
2.3192125338973937e-34
-2.9025435168449277e-193
8.6533708172681983e+286
-3.3656378657701107e-237
2.1768142954087104e+137
-8.8013505740135091e+190
-6.5187586543375292e+282
1.0691228033117046e-48
-7.8271624339242286e-35
-6.2701888631314049e-188
-3.6109258377436328e-219
7.4196761184190115e+254
3.9430064553178710e-201
3.1174480741893314e+64
1.5876034977417048e+298
7.7415310159104307e+112
2.7697013888393939e+143
2.9926001511678505e+248
7.3740406549358884e+68
2.6171031479275757e+284
-3.5576671381409129e-50
-4.0039574905229920e+248
5.7630705964182559e+203
-3.7799370292779412e+307
1.0373469155463638e+09
1.6805300964483064e-120
-3.9628596730419784e+83
-1.1663210297268672e+303
9.2925073651186336e+199
7.0842099079844940e-41
6.3083517216940294e+51
2.9187102889487572e+49
3.2150978565290709e-55
-1.7901164260707576e+220
-1.0914131021336508e-28
3.7555193691609146e+225
4.0717587415266998e+277
7.6203627294002622e+153
4.9441989395538885e+141
-1.8360382768890050e+261
-6.3921087374564537e+124
-5.2336476456172417e+184
-7.5884085920287027e+198
-2.3935065511346567e+171
1.9867726489195824e+37
1.0942511815621220e-41
1.7567757851974802e-221
-1.3382003796324980e+104
3.9247121259139423e+263
3.8802501511646945e+195
9.5009865044607665e+86
-2.4687613419481222e-161
1.3541080237989442e+95
7.1343454059791309e+142
2.6468009064224162e+200
2.2680675626639448e+69
9.1728983484376542e-29
-1.6508381176691853e+87
1.2536231913527232e+151
8.2102872852533059e+81
-3.7759708616824072e+190
7.8062757957164102e+46
-3.9747450708324720e+238
-8.5027079026584077e+84
-7.5999555307695687e+109
2.6962072368718135e+126
4.9029702006676629e+292
-3.5157874716442568e+155
3.9782995116407534e+193
-2.1407691019073919e+99
-4.3766724273457817e+161
3.6672313601178502e+155
-3.2163446417999875e+223
-1.9960745772177852e+87
1.2869152914626489e+284
1.0102654166238174e+99
1.2117388200430978e-106
-2.7761044525895967e-160
3.1659166250520306e+11
-2.3269766519043335e+182
4.8934587026208084e-176
-9.4648815180790367e-141
5.1400597710207130e+267
-2.8566665357587012e+70
-5.3865836952097943e+296
1.1186135735864929e+180
-1.0317379108432104e-128
1.0308255371404703e+66
2.8491802360977378e+236
-2.6761321380223669e-108
2.4373980111780113e-02
8.3231111714617001e-88
-1.4088350843284998e+172
-6.4006946857367779e+131
4.4955511681882710e+80
-5.9086127636480014e+76
2.4578070184657276e+113
2.7059462474007619e+208
-2.4464008623395350e+131
2.2765119992778269e+33
7.8581429893196458e-146
-3.2663080710330119e+276
-4.4887530147629384e+128
2.8540661635874063e+76
2.4934144298575307e-188
1.8556310609331676e-15
-1.3407767630443754e+120
-7.2664371613335416e+211
7.2329760188018474e+02
6.3454310708231975e-52
-5.0958043863485578e+148
1.8457768392850872e+63
-1.5755432607469848e+178
-3.3516098976906604e+47
-2.8140657558135878e+268
-6.1299526598155244e-149
-9.8388850390506006e+292
-1.7461668997769605e+274
-5.1084485491139028e+29
-3.9077684424615936e+228
1.4294063795810314e+219
1.0537681210351466e-01
-2.4026403375986206e+296
-4.7205190169266880e+265
7.4032345222748329e-152
1.6393276655749042e+241
7.1034726627712739e-96
1.8454540291687094e+128
8.5502314921027852e+109
-1.1583011794133559e-302
-4.7569140145285722e+25
3.7942561508827416e+230
-1.8332851826492849e+170
-2.1347563954395297e-80
-6.7091993896373949e+167
-9.0896793803117763e+300
5.4042659963479592e-42
-2.8977396743884154e-158
-7.9381041157515728e+23
-5.5772846583801442e+231
-1.2224023061566402e+241
1.0191413644372231e+126
-9.6495357236086748e+126
-1.1644180134908822e+103
-9.9076039866762308e+123
-1.8147224236993742e+225
1.3151674643950914e+284
8.3086052923315553e+155
3.7123936465928253e+267
1.3911042461587125e+308
4.4219210459055705e+72
1.2100944434325310e+29
2.2614550853317848e+264
-1.8297933873511443e-119
4.4331205015416854e-37
1.6626815356529518e+271
-1.8368266117162323e-109
9.1298266498786077e+190
5.6042795059043942e+32
1.0484927656370205e+58
-4.1932142679145929e+216
-2.9054968720904836e+218
-1.6578103515963240e+135
1.8100388369367053e-35
5.7931403467687526e-88
5.2617960949469627e+77
-1.5976030510160895e+153
-6.4462278668226410e-44
-3.0400945022224938e+304
1.5227092136166497e-14
1.9428332116967744e+208
-3.5835034365442121e+267
7.4160791644354410e+298
2.5993749384919586e+244
-1.3712646704916254e+229
-1.7720484170911488e+210
-6.5383778605817264e+231
-8.8054216034708761e+237
8.4954998861131928e+49
-2.7182368562769936e+275
2.9879447269883677e+273
4.1973927706963565e+295
-5.5811687496599954e-99
-1.7019476908394510e+62
3.3241538968911114e+301
3.4111634885167745e-85
-4.0866942570042895e-122
1.2361386725230936e-79
3.8185048033229173e+124
1.0277124688817625e+305
1.5986833337969040e+205
1.1840332307236119e+126
1.6799917035715093e+144
1.3838692432590644e+120
-1.4688063840775937e+211
-1.6880208623578511e-149
-1.0470767347766984e+23
-4.2075386270096270e+164
-1.3448213374255973e+166
1.2230773774206137e+256
-8.7320158655253148e-124
5.4793428957170254e-235
4.8405474508656284e+66
-1.8106073915985393e+286
-3.5323763233183794e-156
4.1823274220529997e+37
-9.3914335737876502e+256
3.2753874651532195e+108
-6.4335891653372328e+246
-1.4794035805046414e+197
-1.1319921059971691e+89
2.2433031590444316e+160
3.7258619883809993e+113
-7.7565916852330057e-141
-4.4070330595315883e-156
1.2297164628945372e+298
3.3314755478592387e-111
3.0627763758112624e+158
5.5225380592537508e+255
1.3836533856225695e+30
-2.0661373917890967e-74
1.9148353517201420e-134
-2.2389918170835394e+258
6.1456457569943461e+246
7.8034548367280849e+202
-2.3153206423013799e-74
6.4327018045705226e-81
1.4837894048215518e+252
1.1359450103868260e+131
-1.1275902376626223e+46
1.8685310352138664e+57
1.1710432412896848e+85
-1.4087990177803111e-114
-4.6503835624318023e+171
-1.1005909291145967e+306
8.9188401148882279e+280
-6.2716601566117260e+291
2.2107934255500186e+203
7.0374549402871684e+186
2.9854089967443779e+118
-8.7645517097577701e+44
-4.4749101637948173e+04
7.0026341448628049e+35
3.0467668839970579e-90
-4.3861136241555477e-41
7.0151738337947156e+37
8.9565346222697347e-20
2.3256016440993289e+167
-2.0653506673831635e+242
-1.2197737582609964e+196
4.6551241619131748e-85
-6.9904052592518613e+60
-2.3343666137295112e+287
3.1717647318862556e+296
-4.6835630573425087e+178
3.1504652341561915e+250
-3.6300240144037338e+279
6.6493468926173887e+34
4.8097933932846947e+210
9.3050893171851168e+115
7.8225292271714805e-118
3.2882101819753756e-142
4.9069961378988693e+214
8.9683000072877962e+93
-1.4994844942602056e+143
-1.2000996100163516e+219
-1.5597356895788429e-118
-5.4377977350119966e+86
-5.8619936177954753e-110
4.3728076667448759e+48
-4.4214587587500789e+299
-6.4224936370522844e+255
-8.8707462277168586e+112
2.6179757407056086e+284
-3.2634208520541692e-106
-2.1552464835693968e-93
2.3751659591481774e+79
1.0636892652757093e+302
-1.4503805486760860e+249
4.9011310532783508e-239
3.5774175304541522e-115
7.3553486685875083e+307
-9.0956094417877312e+14
5.0024706775680163e+192
2.1037752159013090e+46
-8.3187349254280966e+62
-2.5631546653582295e+44
-4.0639294763449603e-270
2.0372100934111466e+82
-2.4447749789871001e+208
-2.2645479465864676e-91
-5.7641261739046108e+87
-1.9920519394834534e+45
-2.0866797231194550e+104
-7.0210322657573882e+140
6.5235336858816342e+296
3.2967881980566987e+187
7.9812815339940940e+235
-6.2360888164127719e-229
1.0797306017647732e+41
-1.0874329866560319e+252
-9.9042636657436603e+191
6.0031990062111662e+257
6.9660380545149471e+236
2.2434257376381748e+158
-9.3015066497715526e+54
-1.3245966000707089e+118
4.5144117921053996e+21
-1.2745207313526387e+104
1.4160745912426542e-170
1.9583398014540821e+10
-1.0614772151181308e-123
1.0854632049606212e+263
4.3046003060078052e+299
3.6359818935542476e+245
5.8189979148043209e+276
1.7346596178734031e-151
5.1666017003783269e+120
7.3065205585368127e+275
3.1350006183618057e+126
-1.5683313141448358e+87
-2.4472314827673966e+72
1.0158463892955871e-245
7.7124081813060370e+275
-3.2510453909145671e+88
-2.4487241060994166e+294
-4.5161203336157872e+173
4.5840417679321843e-195
8.7940053733574759e-53
1.9497245292654856e+273
1.0242856889491781e+92
-7.5485674369355727e-42
-7.6526569143187188e+131
-3.3348470449745467e+244
2.0833218652828637e-04
1.6122199651158608e+162
-1.0818771017829576e+257
-9.5966721890384762e+104
3.3272785325452356e+167
7.8413845911634481e+08
-4.4356651363132609e+290
-6.3856401399047451e+253
-1.0210675189979481e-194
-4.5890685222355386e+95
5.9589546997343459e-89
-1.0794707341958114e+37
8.0971556424657638e-14
-2.3733865887233080e+246
7.5496526207250007e-256
5.0068400023908377e-16
1.6018558804559380e+212
5.9757052010873624e-36
8.4259997527200301e+237
3.2294373035906896e+133
1.4540921074229570e+251
1.4576099472973858e+101
2.7920824638500190e-55
-7.4010422460604320e-156
1.9421475580564024e-167
-1.4845664557669054e+152
-9.6723777462422839e+223
8.5508440895522134e+30
9.3711485161731897e+130
1.7303844871468148e+298
-7.2256807846866547e+282
1.4598505054176964e+22
-7.7721640328227711e-183
-2.6926150180020671e-83
1.3736571301065090e+270
1.4980220972096336e+200
6.4342074342996351e+60
1.7537421808907777e+285
1.6571892387852714e+233
-2.7155622988844872e+78
9.4485662791959221e+100
-1.1741731790156196e+203
-4.0781863230097947e+273
2.5127589611946162e+272
4.3732810970507050e+165
2.8462278003473450e-151
-5.2384472193094883e+73
-5.8670757318020954e+44
-2.4345108817850976e+222
3.7651666472836752e+42
1.8830264956359865e+235
2.5873482040693657e+165
1.3610636153352372e+210
1.3805377168419100e+147
1.0175856784733690e-88
-1.7403847829414860e+02
1.1196648930974408e+180
-3.4945649716662333e+268
-6.0803258067051456e+171
-7.2954701300342687e+108
1.3279384775770105e+300
1.4658300401561415e+289
1.9502425727946753e+284
-1.5736761331839901e+256
1.8724427171936907e-224
6.7790935563083901e+26
-3.3092549332722006e+67
3.5158341975330927e+244
9.0299406747695189e+22
9.0049909625412801e+238
-1.0689360030075789e+146
2.2708780951207100e+248
2.1502325083692654e+186
-5.7366670554362421e+80
-8.4749567798508197e+276
-2.8657212354847570e+112
-2.5806066024763388e+132
1.3522138296547059e+127
-3.4522773779254428e+225
-5.8571163460380795e-90
-1.0356418426744499e+105
6.8829858769961207e+152
-1.0166692292097823e+259
6.2578361067817704e+99
-4.1105434280265534e+131
-4.9546436402761537e+205
-4.2037331631036733e+244
-2.1962926323178766e-35
2.1002249408147790e+158
-2.4736139668690171e-154
-2.2728981268045102e+34
-5.5541397382847912e+30
3.4189788551004576e-74
1.0286431442570709e-43
-4.2819210498959818e-46
3.9372311059598908e+148
-2.6552634104921550e+182
3.6588589449106292e+58
3.1305422899769524e-72
-7.2980623538173415e-173
4.4672001409500500e+250
-3.1600544378424873e-221
4.7734171495391888e+279
9.3399210727336185e+125
-3.1192461835414181e+293
-1.1783810410301938e-149
-2.7003606831368629e+307
-9.8104264884682844e+188
-3.7192567472189800e-121
-4.7810253001884997e-138
-1.9263966013361390e+19
-4.9218527476277432e+188
1.4707080368959127e+196
4.9255725475924602e+113
2.2163903747461767e-138
1.8264487209305411e+67
-1.9171148476573412e+216
-1.5024812235401309e+271
5.2580349736324802e+77
1.6735611412104509e+141
-5.3584271063478528e+36
-7.3549476346477564e-198
-1.6674512671343512e+06
-1.7423798869162541e+143
7.2147398732434614e+146
-4.4564891431532943e+97
-1.9425303697111149e+129
1.1510190606260704e-04
3.3707896672844566e+21
-2.7916076432429965e+282
1.1695851618134228e+52
3.2414697507416707e+226
-1.1436832054296034e-23
6.2787707708085030e+300
4.1552947333103324e+228
5.0125373634284673e+168
-1.8633811858263438e-50
9.2293080837648169e-95
-1.5958087290072604e+67
2.1018305564792440e-73
5.4188615720888273e+22
-5.8269718514269880e-76
-2.8640556070630724e+285
4.4106520044903681e+193
1.3607019590368427e+82
-1.9334603400333126e-207
2.0073044133655851e+74
5.7878156320152324e+245
3.1549323268511192e+257
-1.1839369788360383e+97
1.2658659404868800e+198
5.6345503600781316e-158
-2.0395954832653937e+78
4.0889088504793858e+79
5.0680191495334329e+38
1.6106438887992402e+267
1.6235126813302562e+05
-3.5044129208466768e+279
-8.3532410477074485e+288
8.0441156765637932e+198
6.2411613986069885e-170
1.6545957060005057e+293
-8.9440519350988432e+216
4.6897299358130276e-39
1.6642277585270537e-33
2.1962065819147025e+158
5.9092831764413528e+182
-5.8406848137740891e+126
4.9875065777455349e+119
1.5044195623421174e-111
-5.9867587606993830e+25
-6.4085682384181321e+292
-1.5150993300055721e+190
2.1217984908747145e+283
1.0429861208981750e+198
8.1314330062194644e+190
-1.3507183341708255e+295
1.2528033229720967e+91
-4.5010080453221426e+32
-5.5792144075934827e-213
1.9320534726707188e+256
-1.0265004154964395e+267
-9.2373896553943244e+206
-1.3941328026899802e+261
-2.6685549384002807e+153
-5.5000618650703001e+08
1.3897715953661580e-110
-7.4743063262638466e+226
-9.8407396218166895e-279
5.2962582260514937e+135
1.6087772335662918e+229
8.7738656114432933e+90
-1.5728299978993944e+175
-1.5544621179174944e+259
-1.6462476745941532e+283
4.9370598174398607e-34
3.5214614962446262e+00
-7.0576867709631981e+173
6.3953718737202205e+295
-3.7794960722946355e+279
-9.3806701150793942e+238
-4.3844657416438754e+223
2.7785822968171987e-239
-1.3573959877307310e+246
2.2322146018694320e+142
-9.7724073904783542e-85
1.6900691316042001e+143
-6.1261974597676149e-77
3.7383169162352419e+282
7.9644251073209471e-21
-4.6187782545618004e+268
2.0838565807574699e+160
-7.8478730775017702e+121
4.8002731659027025e-248
-3.5404142591949089e+234
1.5884291073854807e+286
4.5188329818769152e-62
4.3218980181536050e-202
2.1246753236416538e-248
1.3656814433500077e+95
7.4904404792669095e+99
3.8567517018284876e-234
-1.8866218281855463e+262
5.6204043673656675e+262
-2.0106408343356864e+215
1.0496286735606615e-15
5.9644489899896554e+186
1.0758298733669605e-103
1.7979512092966361e+191
-2.7649122651244362e-22
-7.8431229592427595e+156
-2.8264145603754704e+218
-5.1008860141678051e+139
-8.6690528666143847e+104
-2.0364257134646484e-56
1.2338650937769967e+294
-4.0144486690526683e+107
3.1127107705424830e+245
1.7104543313546932e+82
8.3299923291448940e+21
-1.2670162092038548e+18
-9.1602780961187903e+206
7.3778022680616381e+134
2.4551333071763705e+102
-6.5920955915436295e+42
-2.5821432850809970e+217
1.0911270471148739e-12
6.6873732790030429e+100
-6.9869953577172332e+292
2.0221062982469231e-36
-6.8723896689870502e+69
7.4073872264686665e+239
-2.6181727416612374e+05
4.8176344259153425e+191
5.0592546752010495e+199
5.3887632226334980e+78
1.2696058938749152e+74
